-542.60
-437.15
-551.94
-609.82
-555.71
-414.25
-527.47
-500.10
-555.78
-539.00
-459.88
-566.34
-502.18
-711.79
-531.03
-510.67
-464.87
-484.11
-472.40
-601.58
-531.76
-505.73
-520.21
-523.77
-544.62
-604.04
-472.31
-537.77
-517.26
-433.36
-466.84
-576.73
-543.96
-539.39
-454.41
-495.32
-485.95
-478.48
-475.81
-427.51
-525.25
-492.47
-440.69
-512.78
-642.58
-669.24
-425.80
-436.64
-505.83
-492.00
-476.57
-401.00
-538.60
-592.31
-527.56
-576.52
-425.35
-469.62
-460.43
-431.03
-450.61
-549.84
-507.70
-526.60
-489.58
-441.56

Min: -711.79
Max: -401.00
