49
-245
483
-224
-616
-931
203
-294
140
105
504
441
63
-532
392
252
231
595
-742
581
-889
483
-182
308
-539
-882
-840
-798
252
-798
140
-70
-245
602
637
-266
252
917
504
91
917
-364
-861
350
490
161
315
98
364
126
-364
693
-847
399
-469
826
924
693
749
-952
-301
-14
-882
-147
749
966
-812
105
-259
252
105
889
378
-721
21
-560
756
952
-826
-931
763
-644
-35
-518
-210
448
-812
-826
-602
140
539
-28
-182
-112
-189
35
-77
-826
238
-182
-994
84
-98
91
616
462
686
763
259
245
791
315
28
-623
-413
-294
-336
126
-609
-399
-826
-336
-91
-147
-203
-560
-658
910
161
-588
-35
252
-112
-476
35
497
-63
420
112
245
693
-238
763
-644
833
147
-525
-644
-609
-728
420
798
378
-889
-42
266
-546
-567
777
-434
917
70
-126
-861
-889
651
161
-504
686
476
-560
693
77
651
287
-42
-413
-350
812
532
-322
-623
630
413
-574
413
644
-217
672
-728
-896
-287
861
7
-98
-693
385
203
770
798
-560
245
-525
-70
-770
112
-987
504
714
-952
-336
280
553
-609
-427
581
490
-581
21
217
-245
-329
91
-630
252
371
-840
511
238
308
-112
238
686
91
644
-119
-728
637
154
77
791
-126
14
154
924
182
70
203
399
-707
84
-322
966
287
-539
-280
595
-854
112
994
238
-854
462
224
-399
-77
-924
-567
-854
-742
-294
105
987
-245
-238
-553
721
-252
140
7
-616
679
-42
469
504
-203
-847
371
336
-119
931
-7
-945
77
56
602
735
-56
343
602
-126
203
945
651
-77
-728
854
301
406
-658
-721
-119
-644
-602
-476
56
196
-252
-350
-168
350
476
161
-154
-231
-84
336
-623
525
308
378
91
-875
217
749
938
-742
-630
378
-315
245
-644
-371
511
-266
-392
-266
-140
-371
-378
-539
-91
-301
203
-434
504
560
231
-196
-623
-777
917
182
-35
-735
-196
315
252
-658
252
-791
238
-833
-847
21
-532
161
161
840
903
966
-21
-84
329
-49
-980
-77
945
-420
567
-910
266
-504
-546
-294
350
-525
-98
56
210
742
-546
-546
-357
966
770
-665
308
497
