-370 684 -899 -571 598 183 314 -372 243 416 -995 62 928 37 -600 805 -369 -988 -585 185 -4 819 616 -722 -704 -462 871 102 260 349 743 -191 142 -105 -905 -632 -730 -539 998 352 -109
-783 547 -85 143 -123 -573 -715 -322 687 251 290 338 551 536 519 -252 -474 551 87 -313 348 311 94 -234 665 -697 -739 489 -477 314 -558 -85 932 -199 -435 -385 740 637 -514 -219 565 517 -55 915 559 675 -905 548 -141 -800 759 863 -801 -746 -308 612 416 -572 239 -959 836 -210 592 -15 305 998 -235 -773 -161
236 -21 561 -957 -827 -300 101 585 -802 93 545 322 924 -569 906 551 -351 -549 925 -257 -401 420 585 -225 -978 -680 184 -896 409 -865 140 953 -18 890 524 -742 -497 822
677 243 -914 939 -881 982 -911 -192 -656 -796 -781 -114 709 85 -946 -893 -794 -183 -66 -400 -904 880 -387 711 -549 354
-891 -855 -615 -689 745 233 42 331 -111 -444 983 -768 -815 961 799 -891 395 931 892 863 522 -773 -887 -972 499 -698 299 -327 270 683 -406 -365 -926 -6 -284 704 622 -124 331 -747 467 766 718 749 210 -154 753 -214 -769 630 -772 -138 -71 -974 -381 -276 -727 -780 -380 782 -664 465
-392 -23 -202 -396 300 -221 126 -947 394 290 -580 331 -104 -91 -65 74 859 -645 -777 -295 -491 4 -874 -525 404 252 735 59 458 467
-196 -989 142 484 -698 571 -278 100 -569 974 -828 -89 -506 283 -171 -974 937 845 417 -584 143 446 481 196 949 -535 -742 297 396 -101 931 -174 -603 787 313 -713 14 741 -3 -778 -262 -98 28 -929 -797 174 -899 549 430 -863 87 113 -719 -92 599 259 942 724 95 -102 209 287 -791 -299 235 -946 479 503 333 -551 622 383
945 878 -349 248 325 462 589 -801 247 414 229 -137 -341 109 235 72 409 -432 -447 -790 718 577 -364 -605 901 -872 836 862 -945 986 179 255 -118 -364 -145 -670 -311 2 -696 164 801 705 521 889 91 -676 740 -170 -465 -804
253 -838 127 -737 -258 -488 -780 -207 67 -883 -697 -911 415 -779 -100 -969 -714 -908 830 -49 925 -823 -575 -273 225 -83 -476 -499 -601 406 533 587 720 283 -135
-635 -265 21 -281 135 -32 -426 433 390 -914 823 404 363 -972 -495 -718 774 839 -276 190 930 -688 -739 -554 920 -771 -319 169
-804 362 246 940 295 81 232 321 -11 767 -110 -461 -785 -676 385 -97 -448 -377 710 930 75 343 877 -444 436 386 952 55 129 -57 691 539 -439 -823 -620 -693 634 -513
-584 -318 -411 -258 -871 386 -330 860 -815 952 -890 -513 816 -607 392 832 -511 101 459 423 242 -895 458 551 730 -56 756 -629 883 43 663 -520 940 615 129 4 -303 506 277 -889 -846 -90 -324 -820 -780 33 545 830 -941 -80 341 -619 -12 -979 -586 -705 852 -686 582 -680 -944 -486 -289 -996 -618 229 670 7 -362 634 469 -278 333 880 153
-869 835 -759 915 -532 -853 368 26 -376 -395 68 -163 -699 931 173 879 -943 206 236 0 722 543 -692 240 -154 948 -515 -432 -237 -32 -45 -376 -67 -986 -807 -804 807 -380 -517 -627 958 843 283 -900 -69 253 481 -488 518 492 -623 -943 -285 556 -546 -94 -364
595 605 12 148 -603 777 849 -785 -954 -441 781 -878 278 413 -891 -480 -720 -866 -340 -611 -667 -901 418 688 -828
161 -420 -627 -337 -657 -670 -292 184 -804 -829 675 -651 -501 -941 -187 782 -421 606 -87 -582 -432 -960 -106 94 92 -787 -391 -355 106 587 -201 916 -513 447 871 -180 155 127 -797 156 532 -793 457 790 528 -624 -338 -765 34 408 -270 -944 529
867 -569 390 800 599 475 -270 -424 234 -535 -84 -844 73 201 -725 -903 116 786 202 -500 529 271 800 -176 -769 -33 -935 865 861 -433 202 145 -460
443 842 -517 -497 -576 432 887 -10 250 640 -982 405 -461 824 -113 -884 -39 -715 -451 -470 -75 322 782 918 -27 392 -930 351 -507 89 -722 -754 227 558 713 169 137 598 379 884 -626 415 -45 -419 324 -352 -520
853 396 494 -707 -792 -190 -417 505 408 -485 -757 17 -226 -710 850 977 -532 -311 -729 -818 -251 285 935 463 -119 -783 -466 -8 746 448 951 968 -531 -366
-970 866 406 -311 989 -265 -496 382 -978 -204 -159 321 -42 -466 -727 64 -183 -643 763 339 149 126 -169 -251 -854 693 -32 567 -783 -771 815 -215 683 819 -844 -690 -346 -375 470 -198 856 399 413 77 -838
445 -40 -234 -642 883 -879 646 -713 676 -622 620 -865 -458 656 317 924 -714 357 -725 -410 -215 953 119 -344 -791 632 602 422 -732 -666 -172 17 65 870 360 858 651 71 -425 -867 -997 -927 320 -725 962 -966 -309 250
-831 -592 292 599 -753 479 -454 107 53 512 -150 -154 710 -495 975 -524 167 876 -118 494 -242 983 436 -723 -780 619 -780 559 -508 871 -593 951 12 496 154 -751 17 -616 -726 -703 -607 941 -903 568 536 118 -618 989 363 123 978 955 980 -422 -212 471 -445 -789 -146 629 -443 362 -343
890 66 547 -608 -502 -471 743 -152 -894 735 -917 145 -739 -893 -56 796 -921 -457 85 335 92 449 859 -859 536 376 258 704 582 -279 606 -639 -550 654 -878 58 769 599 -773 -906 191 535 -385 35 -19 -133 632 -65 -987 234 816 -165 583 -263 -618 -830 -548 -545 -473 -71 -669 -644 694 -271 -129 320 591 456 653 617 -29 548 -374 468
-965 405 308 265 -127 -308 458 490 419 875 -6 252 -175 78 419 636 -371 529 -633 -864 834 -69 78 -99 -519 739 479 486 101 -367 67 -823 855 -931 -562 -827 139 -642 275 -71 -27 -795 321 388 -593 496 -836 854 -338 -234 -881 699 242 -561 392 -166 423 994 -523 763 -882 -937 741 -407 -657 694 326 126 603 482 348 222 -957 -534
-730 497 294 -647 -17 -586 472 937 169 -537 -487 745 -902 -455 339 -205 -973 661 -408 -212 341 -835 -287 307 654 146 645 709 -410 241 -918 53 -94 -52 -856 415 658 697 -927 415 674 550 -174 -903 -861 -290 542 716 -434 872 420 -843 -88 383 -4 -700 864 197 -878 947
501 -637 -641 959 664 -951 64 -688 -535 936 -85 252 139 -970 192 -829 -200 568 -107 249 214 -352 147 -560 478 -478 415 968 179 463 110 -568 -495 -667 976 365 -723 -122 810 -270 -645 692 -521 -379 -567 754 667 -477 109 274 -448 -894 -162 -894 -929 1 664
-897 517 -341 453 612 651 146 -426 376 641 559 46 40 -353 -369 950 -302 507 -980 357 426 -498 -617 -459 -943 -555 -593 -823 108 436 475 -825 -62 60 740 -887 959 -954 -453 -536 909 -556 45 -749 -715
735 -3 960 -889 547 183 -151 -713 -814 745 -844 -393 519 -355 257 847 -141 127 -606 827 -294 744 -362 628 296 678 -976 836 -185 528 106 -169 843 757 162 -662 950 888 273 458 230 777
-374 -282 -695 836 918 108 -325 -633 109 323 -128 655 -186 165 575 27 -757 -743 436 16 922 938 -950 -833 -678 -958 797 -618 -903 -321 457 895 741 201 804 -188 104 -719 -53 -68 -703 537 14 786 -323 31 -328 -95 674 802 -432 533 -328 -888 -507 238 -513 -919 -999 418 -865 -437 -648 -425 734
-623 -149 -692 841 151 -932 -946 161 -914 285 174 -809 -738 -319 982 427 765 666 -129 452 956 -413 -185 926 624 871 930 -376 20 -88 -679 -402 341 55 300 155 -577 -308 -233 -902 468 357 -578 389 763 -315 -590 588
335 811 144 -25 -260 -236 -267 -957 -562 -637 -34 -67 713 -337 131 35 402 343 579 -550 -776 18 309 947 -329 -133 -259 270 -697 -137 -854 -2 -708 -572 -709 -323 -312 -821 85 369 -758 -338 170 630 -474
-730 -373 760 -300 42 -1 320 -117 56 -393 -63 92 772 79 599 -914 -145 315 -54 -659 412 -83 -980 -836 -916 233 943 834 983 -197 746 -806 -401 551 772 -902 602 885
947 485 574 861 733 -808 542 592 103 -423 -603 112 623 -118 118 -760 406 -141 -510 701 405 577 909 478 -508 831 -988 712 -624 559 -861 48 166
978 -101 848 842 35 109 -855 -171 609 -721 345 358 652 515 -413 -798 327 -263 -623 -179 161 580 -770 -449 605 -924 -876 553 690 257 890 766 518 778 570 895 852 916 2 -443 -580 -917 528 -203 12 637 -424 855 761 888 810 181 -229 949 -744 15 -366 -377 -980 295 269 -649 726
-967 971 78 460 129 -689 -738 -959 -189 -955 -554 422 325 416 109 -835 917 -323 -857 -489 965 -665 249 -778 568 -808 890 699 547 -445 153 -692 -373 -150 807 573 -64 -724 715 -39 -475 785 -619 -118 -281 -658 987 -13 744 867 -646
499 962 735 -428 6 231 224 596 743 853 790 830 -497 895 730 798 458 -161 -323 -937 -59 -667 -598 -44 589 -970 -889 -59 993 -571 678 557 -928 337 572 -528 -832 258 -32 -4 801 820 -168 -662 -594 460 995 958 -61 -547 -120 -688 -640 -853 -162 694 -156 738
-119 -442 706 830 997 -649 -83 395 -762 164 774 725 333 960 -890 -183 353 -737 143 -733 -454 89 -241 409 903 874 963 -577 -760 -911 -500 -507 -863 83 -50 -550 2 -562 -624 140 620 -577 384 -138 125 792 463 -366 -105
-523 -322 147 -55 388 -344 -991 350 685 514 633 824 -314 -489 -469 639 482 -733 220 -840 83 -217 -491 169 465 -581 -596 910 -65 83 -570 292 655 -750 -336 -547
-433 -685 -636 32 45 -60 874 -617 -662 130 403 -494 -823 14 -60 -985 -771 -143 714 -497 793 642 466 154 22 -75 -944 -4 284 904 268 246 356 355 214 441 66 -674 -405 -349 850 2 -191 -424 283 450 175 759 -12 316 450 685 -68 199 -77 -758 268 152 -435 779 -768 -359 -668 -993 71 -763 767 978 699
271 -151 873 -800 -449 -976 -761 376 443 -280 -455 932 375 762 -894 249 -269 558 -909 -495 970 510 583 -39 588 -836 532 239 -123 970 -265 596 844 -503 -104 -718 164 -198 -325 -625 219 805 -852 -11 -415 607 901 -128 434 848 358 -905 853 106 729 86 -339 933 208 746 -493 -591 860 627 376 158 -395 453 -718 -204 147
873 -496 -590 345 -626 872 -300 -454 -587 208 91 -420 -405 552 721 376 -336 -28 -839 -41 -954 107 -16 -434 -388 -413 616 -630 -192 855 -905 -288 224 -942 744 -872 -240 823 992 872 -366 115 -452 -285 -363 825 255 -350 309 -127 605 -781 -39 782 594 -619 -369 339 -64 -12 -278 -486 -686 182
574 819 -703 -110 614 -593 704 -929 -407 -179 -993 -283 197 64 197 283 -442 674 -561 891 -591 -91 -176 -859 52 -81 625 760 547 -675 -551 135 -545 43 62 760 900 -740 998 -974 -645 76 496 -324 460 -882 279 13 345 -94 726 375 -910 -514 -207 466 972 526 716 832 675 279 -275 -857 -75 627 -608 123 -654 -708 -356 -582 -735
-176 -284 -351 910 445 -11 -195 -815 348 229 29 135 -851 166 -468 -487 825 -305 -864 -816 690 -974 96 -397 -876 946 628 -118 -384 510 253 924
441 746 -102 -345 484 71 -193 973 702 -740 -317 514 -323 -312 875 419 904 -174 -532 420 -982 -28 744 404 -214 125 709 -806 755 -421 -568 -100 335 -273 -320 -384 36 608 199 422 -298 -863 357 445 -377 -334 663 -197 97 438 962 -638 556 -744 -911 -631 -653
-979 807 -169 35 803 -591 -745 987 -79 -40 831 675 199 952 -982 835 669 323 610 -237 885 552 274 548 290 -405 -748 -244 -402 -556 472 -776 616 -541 302 -58 397 -362 324 -10 -319 187 -902 533 936 -992 104 295 -941 -716 285
-883 -397 950 913 -893 521 550 762 165 730 -606 -429 -12 -656 578 -505 -974 -983 -439 566 159 6 857 -934 783 470 926 599
483 -940 289 -237 -853 -360 79 -728 252 -540 -405 -119 40 -919 934 -290 385 294 843 -985 -335 992 329 -765 -655 -958 -775 -923 170 -995 844 59 265 729 657 894 338 -724 703 106 -804 657 39 -744 974 679 233
-522 -388 -801 -211 930 -483 293 422 563 406 -513 706 -353 564 784 -126 -518 -784 -679 379 998 -351 -234 -246 847 940 353 726 393 466 -178 560 273 836 897 537 832
948 752 -951 -401 56 -985 712 -792 -487 926 771 -153 311 438 -355 -364 -462 -607 -381 700 644 450 -30 -706 0 -253 -554 -100 -679 -826 -953 281 232 860 655 106 612 -561 303 523 993 743 -822 611 132 310 -456 -400 -91 481 -234 -183 784 -281 -17 221 498 -227 519 139 -693 -199 -170 306 948 232 490 -36
-313 709 -241 805 376 -592 75 854 254 -742 -100 383 -257 807 -147 -733 -490 596 354 572 -643 86 875 -238 -368 940 -658 677 -285 619 4 -408 756 -781 -21 -562 61 878 -308 361 -177 481 186 445 53 -583 46 -897 701 393 -1000 455 -908 811 -862 757 -225 327 142 -949 -457 -384 -846 681
863 -944 -277 975 711 32 -207 727 436 318 -122 592 86 -274 794 870 -603 -143 -945 -270 -862 695 -789 -443 327 162 760 292 -697 390 67 -416 -202 -872 -592 928 -304 -344 583 -539 958 851 -85 653 50 -789 849 -930 501 837 -473 112 572 23 -123 391 405 -356 877 -703 933 -68 638 400 -637 -926 37 682 -317 569 555 72
-237 832 71 -527 -159 158 -792 957 917 389 -157 961 909 -187 950 -368 -280 739 269 -773 -516 839 853 -170 981 573 -993 630 874 -29 137 -716 -988 -638 -848 64 586 -708 838 185 -697 168 -24 956 -10 945 -768 -778 -369 -26 734 -243 -533 929 -810
145 721 -915 -735 -632 -227 451 175 -521 -46 -293 122 -791 979 -426 167 -415 920 863 412 649 835 -73 -133 255 -394 -37 307 -377 92
22 193 -131 227 651 -66 -433 154 -451 326 -234 542 533 981 589 320 528 576 289 -754 292 -906 455 602 290 -660 -625 251 542 961 -415 -968 228 -139 -973 -501 -823
793 3 -133 -344 218 120 60 134 420 473 288 847 -822 599 -788 -816 791 611 -650 131 -131 642 294 -983 -901 -882 -615 -8 -277 -763 -444 -920 5 177 446
879 358 -668 407 -747 -746 -921 -586 -622 -33 603 -340 -132 -976 -777 -907 -280 656 -548 -423 -949 924 779 586 -359 479 -127 -621 418 -934 148 260 -293 -910 -64 337 884 -377 -346 10 959 61 -219 -654 678 372 533 116 -948 -454 440 -131 441 -107 -137 -906 -635 -117 -998
-682 -908 471 631 -548 -953 -910 -874 407 -170 -442 -136 -531 965 424 -638 -106 -659 -486 175 142 523 353 -787 -554 -447 -641 494 678 650 -665 781 -67 -799 -649 245 -608 994
-408 -48 112 -601 427 -349 575 94 -564 882 -811 397 -268 679 587 665 -401 -79 -590 101 496 3 -744 -512 121 661 -134 -715 316 -406 -113 601 -203 426 -826 917 895 18 -455 100 -582 -429 280 -25 503 895 221 -520
436 -587 810 -312 -954 778 368 -245 200 -746 -679 276 749 -303 -205 737 -557 224 962 -714 627 579 -713 -179 896 523 786 -418 -730 332 187 -444 -409 -809 870 -249 -95 -176 594 -221 250 -818 -708 -711 -476 -851 248 -74 863 746 993 -51 687 927 -185 807
319 172 -82 -654 638 -727 782 -608 -776 753 395 300 783 981 783 791 -405 325 753 897 294 571 -949 -566 -891 -128 535 525 290 194 -71 -74 598 -326 629 847 378 -189 429 934 158
-125 -721 -588 965 -975 244 672 42 -510 936 306 -952 227 -370 -99 -688 -469 -591 389 -594 -642 -55 -234 -105 -298 990 -183 544 -34 879 -477 -449 -75 -144 -165 -795 -913 -464 866 729 212 332 -752 931 579 -33
-939 839 -533 -452 -67 380 -860 253 672 -228 -791 331 -89 21 -391 960 670 -464 247 -81 668 -380 159 628 -590 -789 151 797 -47 -52 -363 -995
-798 14 -541 337 -326 -408 24 88 -230 885 170 -439 -13 -697 134 415 396 729 -629 -135 826 -960 321 -84 557 29 -542 588 949 -718 -664 88 -789 -897 381 292 302 626 -986 -591
240 731 -973 908 193 -961 -361 -796 900 392 662 -742 120 -282 233 -257 860 -209 854 -184 -969 981 861 -31 777 -432 886 445 75 259 9 911 -577 819 226 -860 770 549 -507 -614 407 -12 375 679 726 933 505 -546 209 936 808 181 -978 -429 647 -175 31 -11 -771 609
236 -9 198 766 25 702 608 -324 -482 -338 -610 -848 215 -417 316 541 754 867 -607 951 513 -887 631 -744 490
732 -135 -950 820 -804 747 671 -453 671 291 -112 195 -320 -472 -772 484 625 732 424 -338 120 700 873 -65 -617 598 -89 609 303 608 -712 281 889 -83 -27 -605 354 -416 -65 555 351 -403 443 -388 -803 957 -706 -359 -487 -943 -149 -673 437 986 -670 -890 973 -737 -934
753 638 428 -289 -545 634 326 17 600 261 -311 -95 70 -20 -941 257 493 726 -183 -441 314 -960 -930 -633 484 -567 533 985 645 -600 199 -131 874 -264 595 -155