398 49 599 752 -925 288 N/A -387 N/A -102 N/A -407 -377 483 N/A -711 160 330 N/A 474 342 347 N/A -792 -870 687 942 N/A 894 508 N/A 174 -824 422
278 -224 -616 -958 N/A -904 N/A 719 779 N/A 203 286 -294 N/A -296 445 N/A -165 N/A 105 504 N/A 565 441 63 -234 -689 792 -925 69 N/A -19 300 181
-809 -998 -572 N/A -492 -746 N/A 866 N/A -369 -187 N/A 83 535 N/A -388 -731 N/A -947 -390 229 N/A 392 252 -169 N/A 231 595 478 925 -549 -507 304 N/A 6 N/A -742 828 N/A 335 514 -757 N/A 39 N/A -236 911 -889 326 -794 N/A 369 -64 382 758 -470 -746 -727 -556
483 127 N/A -30 -248 219 -142 -182 308 -539 N/A -882 N/A -798 516 -85 252 -798 -403 N/A 684 -70 -551 143 39 N/A -199 N/A 958 N/A 334 -421 -245 602 N/A 524 N/A 750 402 N/A -614 34 N/A 650 -220 590 N/A -886 772 636 N/A 614 155 425 -60 323 -671 N/A -956 -69 202 -266 N/A -905 252 689 N/A 579 N/A -738 477
851 725 -674 N/A 933 -92 -734 326 418 -80 N/A -94 N/A 917 -384 965 -572 673 -695 N/A 169 510 800 N/A -703 293 -66 N/A 121 -464 N/A 821 N/A -27 891 229 165 N/A 844 628 N/A -435 N/A 618 269 N/A -414 N/A 939 919 669 -953 -526 N/A -38 286 N/A 577 -388 917 149 N/A -664 795 446 239 766
825 N/A 641 362 739 -215 57 N/A 570 N/A -364 -861 N/A 961 509 223 -73 606 -505 350 490 -160 -262 N/A 585 549 N/A -699 N/A -101
566 -405 -402 472 943 313 N/A 318 -120 -144 N/A -869 N/A -218 211 N/A -15 364 -814 N/A 4 N/A 930 241 450 -848 N/A 697 126
-364 693 904 N/A 891 755 N/A -249 -847 5 429 412 N/A 937 796 -180 -26 417 -769 N/A 399 -469 N/A -333 N/A -652 N/A -795
-547 N/A 826 -381 924 -284 571 N/A 356 685 N/A -982 N/A 118 N/A 411 -433 36 -311 219 344 693 N/A 795 749 -564 -952 192 -621 N/A 135 226 N/A 785 610 N/A -706 N/A -799 -621 N/A -682 761 -534
-301 -40 N/A -475 200 N/A 928 -943 N/A -853 696 -836 452 N/A 195 766 N/A -552 -792 N/A 764 386 -811 -996 485 785 837 N/A -882 -147 177 800 -69 605 -447 -508 N/A 821 N/A 990 N/A 508 N/A 746 -986 -61 N/A -335 966 -812
307 N/A -261 N/A -748 105 N/A -395 -90 -447 -510 -820 N/A -259 -436 252 786 751 -981 202 N/A 105 889 N/A 998 -110 378 N/A -977 -721
-346 N/A -194 N/A -396 -163 N/A 603 N/A -560 756 818 744 N/A 715 -688 952 N/A 502 90 531 -557 N/A 618 -826 N/A -442 -227 -931 898 N/A -975 763 -644 -617 689 676 N/A -745 N/A -518 -411 N/A -214 N/A -210 -834 394 -83 N/A 979 -547 552 575 -919 491 367 241
-153 -624 N/A -999 -826 N/A 591 -602 -853 N/A 270 477 -517 106 667 -197 N/A -11 N/A 140 593 -323 -396 N/A -99 -999 N/A -102 -785
-104 -506 -662 -506 N/A 539 N/A -28 N/A 430 N/A -460 N/A 158 N/A 703 N/A 38 -180 -12 299 -551 N/A -182 N/A 471 690 N/A -352 N/A 128 -123 412 62 -695 297 -636 -975 883 -573 -484 N/A -951 -411 898 -928 -162 760 -189 300 N/A 103 -297 -544 20 N/A 35 -200 353 N/A -396 998
-342 N/A -326 942 -204 N/A -77 N/A -19 750 -826 375 238 N/A 285 460 N/A -823 -994 627 -862 83 N/A 85 33 N/A 663 N/A 319 -501 375 606 -935 955
-180 921 N/A 716 N/A -98 643 N/A -461 -303 -206 422 N/A -503 299 828 N/A 405 N/A 519 36 686 N/A -389 -844 836 -965 604 -874
102 N/A 30 N/A 849 -489 N/A -10 787 763 -303 720 N/A -201 -144 245 -884 791 315 -867 28 990 -352 -623 N/A -953 N/A -499 316 N/A 290 -844 N/A 262 -313 N/A -535 -852 612 779 N/A -111 -729 561 424 N/A 467 N/A -450 625 -884 N/A 557 -94 N/A -732 N/A 114 344 -261 -294 -657
542 -250 -65 636 -635 -974 N/A 580 171 -860 N/A 171 -72 N/A -599 126 -821 -146 N/A 947 530 N/A 810 -818 N/A -399
-826 962 -336 N/A 872 648 -846 -91 N/A -203 -578 799 955 N/A -620 N/A 997 755 288 N/A 5 N/A 993 -806 170 527 N/A 18 -236 -53 -560 N/A 649 -703 347 -603 -326 N/A -894 -658 N/A -180 N/A -873 995 -923 N/A -622 -522 N/A -913 -19 N/A -474 910 161 N/A -588 -498 N/A 429 -320 -102 -187 N/A 940 -395 761 495 185 52
547 252 -112 -476 -508 -398 -304 N/A 35 -48 809 497 727 863 -587 -63 N/A -759 N/A 420 -731 732 N/A 188 N/A 112 245 N/A -738 -23 -908 N/A 693 N/A 10 -238 631 990 N/A 537 -407 411 173 330 N/A -614 677 N/A -235 -474 N/A -542 283 N/A -644
999 -461 862 -782 833 -197 -354 149 N/A 954 -408 N/A 147 N/A -267 -932 -642 706 N/A -208 -121 N/A 816 N/A 741 -125 -447 N/A 317 66 74 -338 N/A 302 N/A 323 N/A -915 575 -254 601 254 -941 131 N/A 246 639 629 645 N/A -314 N/A -736 946 -481 -678 N/A -609 -872 408 N/A 647 N/A -803 N/A 269 -728 -334
-650 N/A 561 -842 -736 N/A 342 -825 214 N/A 627 798 378 400 782 N/A 918 579 366 -584 N/A -135 -889 N/A -521 976 -547 -951 669 -42 701 N/A 775 N/A -436 N/A 481 -962 N/A -810 N/A 990 282 477 878 590
-570 489 -956 601 N/A 964 266 705 703 989 N/A 695 N/A -493 -235 -296 N/A 411 236 -10 -452 N/A 493 N/A -546 597 -727 691 N/A -339 -567 -747 -239 -317 N/A -688 N/A 999 -197 N/A -30 374 N/A 801 -982 -214 N/A 777 976
-806 -434 -645 N/A 908 -229 -689 -935 N/A 51 949 773 485 -816 N/A -452 N/A -902 933 N/A 632 493 917 -136 N/A -991
685 N/A -660 70 N/A -360 -794 -531 944 619 N/A 730 985 911 677 -755 N/A 460 299 58 N/A 62 792 N/A -683 -38 N/A -126 699 -762 N/A 275
955 242 461 -861 N/A 139 509 N/A 829 -889 N/A -556 -682 -929 N/A -393 -457 493 -739 N/A -848 N/A -375 651 161 -503 N/A -594 N/A -936 -36 -180 40 -484 752 N/A 515 222 -219 N/A -632 N/A 537 969 303 659 559
-337 696 654 -48 N/A -860 -674 N/A -504 -419 482 N/A 686 476 N/A 193 -507 -956 -6 507 -729 -359 N/A 886 516 -560 N/A 517 N/A 870 143 -718 N/A -145 479 N/A 715 N/A -859 800 934 884 N/A -503 N/A -26 -430 77 -748 279 -829 N/A -649 -422 -310 829 N/A 473
287 -443 N/A -744 103 -720 N/A 487 N/A -446 -808 -915 N/A 831 N/A 506 424 348 -391 -748 -982 N/A 822 -537 N/A -75 163 1
572 -522 -413 706 -350 N/A -312 N/A 907 N/A 717 -976 N/A -103 582 -912 532 N/A 220 N/A 390 923 -322 146 -307 387 N/A -593 -623
256 630 413 613 -974 -726 -574 48 173 -568 824 413 644 N/A -88 166 549 N/A -822 N/A -719 N/A 647 144 -578 N/A 145 -620 N/A 672 842 409 N/A 902 -728 N/A 178 N/A -789 N/A -768 -896 109 N/A -908 N/A 334 347
-598 981 861 7 879 N/A -98 -693 N/A -186 -470 673 N/A 385 203 770 -458 -80 -85 -74 337 248 N/A 491 N/A -817 639 N/A 958 N/A 878 N/A -560 -769
274 -495 N/A 245 982 -862 628 -587 N/A 852 N/A 640 99 N/A -537 -408 -46 N/A -525 N/A 699 N/A 605 N/A 673 -70 -134 -982 -870 -634 N/A -770 473 -58 N/A 282 N/A -215 335 -312 -987 -837 -982 -459 499 -188 580 N/A -109 187 -430 -515 417 504 N/A 110 258 N/A -51 N/A 714 422 N/A -918 799 92
-620 N/A 244 564 -952 N/A 280 N/A -467 141 -502 853 -705 N/A 736 N/A 243 -60 -975 N/A 553 -863 -310 -609 -654 820 -449 -427 N/A -962 -979 N/A -860
533 -981 990 -956 -321 N/A -502 N/A -341 365 581 111 N/A 869 N/A 785 N/A -581 800 N/A -157 21 440 -342 N/A 849 N/A -415 -759 -624 -245 -433 N/A 31 611 -329 -65 640 N/A 91 512 N/A 883 734 25 -74 106 -643 N/A -709 N/A -630 N/A -775 252 -835 -971 -183 768 N/A 488 258 N/A 940 830 -8 N/A 206 371 -662
-24 626 N/A 346 -219 N/A 631 150 60 -840 511 N/A -895 -155 N/A -86 238 429 -622 N/A -608 -249 308 N/A 438 N/A -662 -159 72 N/A -957 530 -692 107 238 208 N/A 43 686 -240 652 965 333 N/A -6 N/A 331 N/A -110 653 N/A -436
-929 N/A 87 600 N/A -466 521 N/A 153 N/A 30 N/A -978 -716 -295 N/A 795 870 -258 -237 -582 166 -656 -474 N/A -209 123 699 109 -808 -191 153 N/A 644 -37 586 293 N/A 27 501 -475 -119 N/A -327 355 N/A -470 -852 N/A 646 920 N/A 751 -728 990 N/A 637 -334 89
205 N/A 104 N/A -41 77 802 -636 N/A 803 -597 N/A 176 -461 N/A 791 -126 N/A 154 924 -975 52 N/A 182 N/A -43 -828 70 -172 N/A 111 234 -744 -764 203 N/A 596 -386 N/A 38 -535 N/A -879 -101 480 976 54 817 -801 N/A 925 796 N/A -261 242 N/A 84 -652 -159 -322 N/A 89 N/A 361 -419 991 -645 887 -851 206
83 -431 N/A 370 817 966 -586 N/A -377 -198 -145 287 736 N/A 515 652 -316 N/A 352 -8 -86 767 514 -38 -40 -872 -539 N/A -280 N/A -24 595 N/A -854 516 N/A -292 -122 N/A 261 208 994 238 -484 746 N/A 477 N/A 641 -854 N/A 158 N/A 778
218 N/A -53 491 919 -848 -590 8 142 N/A -664 -421 N/A 690 N/A 531 807 -774 255 108 -5 N/A -342 839 462 -177 N/A 575 426 -562 685 N/A 8 -432 N/A 423 N/A 25
-399 -38 39 -664 123 N/A 706 396 N/A -320 N/A 753 N/A -47 N/A 866 N/A -765 331 -587 -46 265 845 -950 -415 -879 N/A -77 -858 548 -924 N/A -519 389 N/A 418 -193 -781
877 339 -382 -433 346 773 N/A -740 N/A -529 -678 -617 -104 N/A -954 -712 -683 N/A -450 -305 640 475 262 170 502 -111 N/A 711 198 -395 495 N/A -854 -136 -979 N/A -505 -16 N/A -901 N/A -294 -506 N/A -4 962 -848 -890 529 N/A 887 N/A -905 -535 N/A 745 443 N/A -27
-619 -899 -418 -774 N/A 987 N/A 503 -245 -801 327 101 610 N/A -238 -553 487 606 N/A 837 N/A 905 -449 N/A 59 -772 -873 -88 842 -252 -291 N/A -701 472 -732 -320 N/A -269 140 N/A 534 N/A 659 646 N/A -297 58 N/A 7 -17
-964 N/A 439 -296 N/A -616 N/A -1 502 -12 848 N/A -734 39 548 N/A 864 -926 N/A 679 -237 290 -416 328 -209 N/A 25 442 -891
-42 -429 469 -103 N/A 353 N/A -81 N/A 219 N/A 790 -203 467 391 N/A -750 -482 -653 -847 -354 -629 N/A 817 N/A -813 371 972 578 -897 336
396 592 274 645 N/A -883 135 839 510 -890 931 N/A -945 -428 77 683 -90 N/A -592 N/A -732 -151 -118 N/A -801 N/A 137 -531 N/A -254 -737 275 N/A -163 N/A -114 17 602 N/A -118 654 N/A -278 -250 755 -706
-41 -477 -401 N/A 735 -128 N/A 16 -891 88 -400 -785 424 N/A 263 -783 711 602 505 N/A 640 -852 352 N/A -438 -387 -298 -194 -126 N/A -46 913 203 945 -68 N/A -32 651 29 -439 N/A -77 N/A 779 N/A -728 162 384 -561 N/A 802 -737 854 690 470 N/A -213 963 N/A 505 27 N/A 220 -351 N/A -962 606 N/A -3 N/A 86 N/A 939 947
550 N/A 263 -658 242 -817 N/A 914 -721 N/A 881 613 501 396 704 664 815 -884 N/A 647 353 -644 130 694 1 596 -136 -565 N/A -639 199 -501 N/A -451 230 N/A -727 N/A 839 200 -633 -464 N/A 971 -524 N/A -240 -120 N/A 82 -106 N/A -569 N/A -251 744 -74 N/A -494 -136 N/A 358 N/A 717 -786 -340 23 239 94 N/A 299
766 396 -327 N/A -176 -48 -223 81 821 778 N/A 431 324 -981 N/A 529 -687 N/A -953 N/A 633 -425 N/A -983 N/A 283 632 -569 N/A 565 -168 350 -803 118 N/A 911 36 N/A -738 N/A -809 -342 754 -90 912 N/A 681 476
39 -373 N/A 274 N/A 932 N/A -152 -131 N/A 454 N/A 95 510 997 264 N/A 768 -662 797 -656 N/A -124 N/A -184 N/A 659 450 240 -231 709 -962 -84 368 234 N/A 336 -849 -646 N/A -366 809 N/A 766 -623 -857 -456 525 308 -478 379
477 N/A 25 -586 908 514 N/A -16 -316 N/A 292 -136 378 267 N/A 170 N/A 606 232 130 -398 N/A 688 N/A 367 -288 -326 -257 -221 81 N/A 91 N/A 211 -302 863 -875 -835 -886 -734 227 N/A 208 767 512 N/A -370 888 749 N/A -792 N/A 636 31
-594 -582 270 120 -897 -25 -678 N/A -139 -110 N/A 983 -25 -622 -905 310 -170 N/A -22 N/A -134 -367 N/A 627 N/A 925 -859 N/A -255 991 N/A -160
781 N/A -246 N/A 240 N/A -108 -344 N/A -108 522 N/A 225 58 180 938 571 964 -582 -592 N/A 367 -313 -998 -583 491
818 N/A -853 N/A -630 565 -333 274 -383 -976 398 809 N/A -643 229 -794 120 818 378 N/A 276 -315 -614 200 -292 245 -757 N/A -531 225 -371 N/A -527 N/A -664 511 -815 -432 -266 N/A 221 169 505 N/A 305 512 N/A -608 271 18 N/A 886 N/A 932 -392 N/A -140 131 N/A -873 N/A 600 -354
247 -416 -378 N/A 447 -568 N/A -510 -494 -91 -301 -328 676 N/A -269 -297 N/A -937 N/A 69 N/A -873 504 885 560
57 453 -418 23 397 375 698 N/A -236 317 -348 730 -375 -24 559 363 -867 -196 N/A -623 230 N/A -363 853 N/A -710 N/A -843 285 N/A 645 N/A -347 N/A -769 N/A -635 917 -857 891 N/A -99 N/A -934 324 68 -370
268 N/A 61 -583 -111 -813 496 N/A -45 930 751 N/A 164 645 182 -808 N/A -35 N/A 146 -366 N/A 725 N/A 660 N/A -858 -748 -568 -181 467 -908 -417 -610 N/A -735 N/A -912 -824 -783 78 675 N/A -196 -331 -109 493
894 N/A -264 -353 -380 252 -793 -501 N/A 146 344 -658 298 314 -212 N/A 641 -226 N/A 897 305 N/A -886 46 N/A 969 N/A -855 -759 -459 252
-764 N/A -817 892 418 856 100 948 N/A 272 N/A 332 N/A 328 -120 -404 -201 -850 -443 N/A 839 566 238 -940 N/A -833 -847 N/A 34 -772 N/A -787
138 912 N/A -8 741 -10 69 -620 755 -176 277 230 N/A 857 59 21 -654 N/A 624 -24 -532 858 N/A -415 769 N/A 725 -66 N/A -545 890 661 N/A -825 161 N/A 390 N/A 292 N/A 376 161 -935 N/A 840 N/A 966 645 -397 -21 -120 -628 N/A -246 N/A 571 -84 -551 N/A -773 N/A 951 -533 329 N/A -830 -240 -49 -499
-536 277 302 N/A -324 N/A -304 82 -291 -980 -906 870 361 N/A -515 N/A 945 N/A -107 N/A -733 -292 585 675 289 202 N/A 985 567 -862 -878 877 N/A -220 997 N/A -766 -910 266 -256 -937 N/A 974 -158 -127 96 -10 -504 223 -546 N/A 367 -473 -641 N/A 53 456 N/A -121 N/A 350 304 -405 N/A -525 -248 N/A 155 N/A -2 -279
153 -492 N/A 384 257 -804 N/A 450 -809 -359 -98 N/A 210 N/A -171 -354 N/A -32 N/A 20 N/A 418 -281 -271 278 742 -970 N/A 668 -869 -972 340 886 N/A 257 -72
69 -871 97 N/A -554 N/A -546 -546 -600 34 697 276 N/A -357 N/A 966 941 930 N/A -502 961 796 N/A 770 N/A 825 668 -557 -444 331
-400 450 N/A -665 N/A -722 N/A 796 -843 -478 -341 80 -178 408 185 633 N/A -457 -680 331 N/A -888 -30 -239 308 464 -354 N/A -648 N/A 497